000000000001
000000000001
000000000001
000000000001
000000000001
000000000001
000000000001
000000000001
000000000001
000000000001
000000000010
000000000010
000000000010
000000000010
000000000010
000000000010
000000000010
000000000010
000000000010
000000000011
000000000011
000000000011
000000000011
000000000011
000000000011
000000000100
000000000100
000000000100
000000000100
000000000101
000000000101
000000000101
000000000101
000000000110
000000000110
000000000110
000000000111
000000000111
000000001000
000000001000
000000001001
000000001001
000000001010
000000001010
000000001011
000000001011
000000001100
000000001101
000000001101
000000001110
000000001111
000000010000
000000010001
000000010010
000000010011
000000010100
000000010101
000000010110
000000010111
000000011001
000000011010
000000011100
000000011101
000000011111
000000100001
000000100010
000000100100
000000100110
000000101001
000000101011
000000101101
000000110000
000000110011
000000110110
000000111001
000000111100
000000111111
000001000011
000001000110
000001001010
000001001111
000001010011
000001011000
000001011100
000001100010
000001100111
000001101101
000001110011
000001111001
000010000000
000010000111
000010001110
000010010110
000010011110
000010100111
000010110000
000010111001
000011000011
000011001101
000011011000
000011100100
000011110000
000011111100
000100001001
000100010111
000100100101
000100110100
000101000100
000101010100
000101100101
000101110111
000110001001
000110011100
000110110000
000111000101
000111011010
000111110001
001000000111
001000011111
001000111000
001001010001
001001101011
001010000110
001010100010
001010111110
001011011100
001011111010
001100011000
001100110111
001101010111
001101111000
001110011001
001110111011
001111011101
010000000000
010000100011
010001000110
010001101010
010010001110
010010110010
010011010111
010011111011
010100100000
010101000100
010101101001
010110001101
010110110001
010111010101
010111111001
011000011100
011000111111
011001100001
011010000011
011010100100
011011000101
011011100101
011100000101
011100100100
011101000010
011101011111
011101111100
011110011000
011110110011
011111001101
011111100111
100000000000
100000011000
100000101111
100001000101
100001011011
100001110000
100010000100
100010010111
100010101010
100010111100
100011001101
100011011110
100011101101
100011111101
100100001011
100100011001
100100100110
100100110011
100100111111
100101001011
100101010110
100101100000
100101101010
100101110100
100101111101
100110000110
100110001110
100110010110
100110011101
100110100100
100110101011
100110110010
100110111000
100110111110
100111000011
100111001000
100111001101
100111010010
100111010111
100111011011
100111011111
100111100011
100111100110
100111101010
100111101101
100111110000
100111110011
100111110110
100111111000
100111111011
100111111101
100111111111
101000000001
101000000011
101000000101
101000000111
101000001001
101000001010
101000001100
101000001101
101000001111
101000010000
101000010001
101000010010
101000010011
101000010100
101000010101
101000010110
101000010111
101000011000
101000011001
101000011010
101000011010
101000011011
101000011100
101000011100
101000011101
101000011101
101000011110
101000011110
101000011111
101000011111
101000011111
101000100000
101000100000
101000100001
101000100001
101000100001
101000100001
101000100010
101000100010