0
0
0
0.6916
0.7248
0.7013
0.7013
0.6786
0.6858
0.6959
0.6959
0.7232
0.7232
0.718
0.7046
0.7046
0.6965
0.7024
0.7024
0.7069
0.7069
0.7047
0.7028
0.6991
0.6954
0.6987
0.6996
0.6996
0.7101
0.7101
0.7111
0.7115
0.7115
0.7165
0.7165
0.7276
0.7276
0.7318
0.7302
0.7298
0.7298
0.7279
0.7253
0.7272
0.7272
0.7365
0.7446
0.7446
0.7456
0.7456
0.7396
0.7327
0.7277
0.731
0.7304
0.7304
0.735
0.7392
0.7392
0.7404
0.7437
0.746
0.746
0.7497
0.7497
0.7519
0.7519
0.755
0.7512
0.7478
0.7478
0.7467
0.7439
0.7448
0.7469
0.7469
0.7483
0.7463
0.7463
0.7453
0.7424
0.7428
0.7417
0.7417
0.7407
0.7378
0.7377
0.7333
0.7303
0.7312
0.7271
0.7278
0.727
0.7299
0.7275
0.7303
0.7303
0.7275
0.7284
0.7284
0.7249
0.7287
0.7275
0.7298
0.7334
0.7319
0.7319
0.7378
0.7384
0.7355
0.7355
0.7416
0.745
0.7487
0.7487
0.7479
0.7522
0.7546
0.7535
0.7586
0.7566
0.7601
0.7593
0.7605
0.7621
0.7599
0.7599
0.7583
0.7561
0.7589
0.7581
0.7581
0.7553
0.7529
0.7529
0.7529
0.7529
0.7545
0.7538
0.7544
0.755
0.755
0.7564
0.7566
0.7575
0.7575
0.7575
0.7595
0.7587
0.7587
0.7572
0.7552
0.7567
0.7567
0.7566
0.7527
0.7505
0.7519
0.7515
0.7515
0.753
0.7536
0.75
0.7503
0.7475
0.7464
0.7491
0.7489
0.7489
0.7505
0.7494
0.7494
0.7478
0.753
0.7519
0.7519
0.7486
0.7474
0.7468
0.7455
0.7455
0.7546
0.7544
0.7544
0.7626
0.7631
0.7634
0.7636
0.7604
0.7604
0.7604
0.7557
0.7578
0.755
0.7541
0.757
0.757
0.7596
0.7597
0.758
0.7552
0.7555
0.7555
0.7496
0.7481
0.7481
0.747
0.7487
0.749
0.749
0.7501
0.7526
0.7495
0.7512
0.7498
0.7511
0.7492
0.7489
0.7489
0.7483
0.7483
0.7474
0.746
0.746
0.7489
0.7471
0.7437
0.742
0.742
0.7402
0.7402
0.7391
0.741
0.7418
0.7418
0.7464
0.7486
0.7486
0.7486
0.7507
0.7497
0.7529
0.7493
0.7479
0.7447
0.7447
0.7465
0.7465
0.7476
0.7476
0.7513
0.7513
0.7492
0.7491
0.7498
0.7473
0.7473
0.747
0.7424
0.7424
0.7403
0.7403
0.7451
0.7475
0.7475
0.7477
0.7499
0.7504
0.7504
0.7522
0.7528
0.7528
0.7534
0.7533
0.7503
0.7503
0.7475
0.7443
0.7443
0.7449
0.7485
0.7485
0.7528
0.7528
0.7527
0.7527
0.7543
0.7573
0.7583
0.7571
0.7571
0.7595
0.7549
0.7549
0.7539
0.7499
0.7497
0.7497
0.7506
0.7483
0.7442
0.7403
0.7392
0.7392
0.7411
0.741
0.741
0.7424
0.7426
0.7426
0.7433
0.7452
0.7461
0.7461
0.7459
0.7457
0.7457
0.7488
0.7488
0.7489
0.7492
0.7499
0.7499
0.7501
0.7522
0.7522
0.7536
0.7513
0.7493
0.7493
0.7512
0.7512
0.7519
0.7527
0.7527
0.7507
0.7507
0.7466
0.7482
0.7482
0.7482
0.7482
0.7478
0.7478
0.7502
0.7502
0.7505
0.7518
0.7518
0.7525
0.7509
0.7502
0.7535
0.7511
0.7528
0.7528
0.7533
0.7544
0.7544
0.7532
0.7503
0.7484
0.7475
0.7475
0.7506
0.7506
0.7537
0.7525
0.7475
0.7462
0.7438
0.7419
0.7432
0.7432
0.7453
0.7427
0.74
0.74
0.7394
0.739
0.739
0.7381
0.7355
0.7355
0.732
0.7322
0.7322
0.7329
0.7326
0.7335
0.7325
0.7325
0.7335
0.7297
0.7299
0.7299
0.7298
0.7322
0.7322
0.7369
0.7366
0.7416
0.74
0.7424
0.7435
0.7445
0.7445
0.7471
0.7499
0.7501
0.7453
0.7453
0.7476
0.7474
0.7474
0.7465
0.7473
0.7501
0.749
0.749
0.7568
0.7568
0.7611
0.7588
0.7585
0.7593
0.7593
0.7549
0.7541
0.7493
0.7493
0.7497
0.7497
0.7466
0.7503
0.7491
0.7499
0.7508
0.7508
0.7512
0.75
0.7528
0.7532
0.7532
0.7508
0.7511
0.7483
0.7489
0.7489
0.7529
0.7529
0.7541
0.7541
0.7513
0.7513
0.7514
0.749
0.7489
0.7491
0.75
0.7515
0.7515
0.7504
0.7504
0.7513
0.7513
0.7551
0.7551
0.7558
0.7534
0.7524
0.7515
0.7515
0.7501
0.7515
0.7547
0.7547
0.7562
0.7562
0.7584
0.7584
0.756
0.756
0.756
0.756
0.756
0.756
0.7566
0.7566
0.7568
0.7568
0.7573
0.7574
0.7561
0.7543
0.7543
0.7541
0.754
0.7528
0.7528
0.7529
0.7524
0.7517
0.7525
0.7538
0.7544
0.7529
0.7544
0.7544
0.754
0.7555
0.756
0.7574
0.7577
0.7574
0.7574
0.7527
0.7496
0.7496
0.7494
0.7509
0.7535
0.7535
0.7546
0.7545
0.7545
0.7546
0.7544
0.7544
0.7545
0.7543
0.7543
0.7541
0.7545
0.7559
0.7586
0.7582
0.7582
0.7584
0.7546
0.7546
0.753
0.7487
0.747
0.7434
0.7434
0.7422
0.7432
0.7413
0.7423
0.7438
0.7458
0.7458
0.749
0.749
0.7479
0.7483
0.7483
0.7467
0.748
0.748
0.7476
0.7476
0.7469
0.7521
0.7521
0.7478
0.7478
0.7468
0.7468
0.746
0.7481
0.7473
0.7506
0.7506
0.749
0.752
0.752
0.7523
0.7525
0.7498
0.7498
0.7498
0.7513
0.7513
0.7513
0.7513
0.7513
0.7513
0.7513
0.7558
0.7558
0.7558
0.754
0.754
0.7541
0.7542
0.7543
0.7528
0.7527
0.7527
0.7533
0.7539
0.7547
0.7544
0.7551
0.7551
0.7566
0.7579
0.7612
0.7612
0.7612
0.7612
0.7564
0.7564
0.7526
0.752
0.752
0.7556
0.753
0.7542
0.7547
0.7546
0.7518
0.7518
0.7514
0.7514
0.7466
0.7466
0.747
0.7479
0.7471
0.7471
0.7471
0.7482
0.7493
0.7497
0.7531
0.7531
0.7529
0.7532
0.7506
0.7487
0.7487
0.7482
0.7467
0.7467
0.7456
0.7441
0.7412
0.7409
0.7396
0.7395
0.7444
0.7454
0.7452
0.7465
0.7464
0.7481
0.7481
0.7451
0.7464
0.7441
0.7467
0.7467
0.746
0.7449
0.7466
0.7451
0.7439
0.7479
0.7466
0.7452
0.7457
0.7456
0.7479
0.7479
0.7461
0.7461
0.7489
0.7522
0.7515
0.7546
0.7543
0.754
0.7528
0.7528
0.7524
0.7514
0.7504
0.7504
0.7467
0.7467
0.7464
0.7494
0.7546
0.7527
0.7554
0.7569
0.7569
0.7545
0.7537
0.7553
0.7548
0.7548
0.7548
0.7546
0.7535
0.7571
0.7571
0.7573
0.7617
0.7628
0.762
0.761
0.761
0.7571
0.7577
0.7529
0.7529
0.7556
0.7556
0.7545
0.7514
0.7482
0.7489
0.7497
0.7507
0.7514
0.7514
0.7519
0.7536
0.7531
0.7531
0.7541
0.7508
0.7508
0.7527
0.7519
0.7531
0.752
0.7528
0.7528
0.7556
0.7565
0.7566
0.7577
0.7577
0.7598
0.7564
0.7564
0.7534
0.7534
0.7522
0.754
0.755
0.755
0.7526
0.7508
0.7476
0.7464
0.7476
0.7475
0.7475
0.7443
0.7441
0.7436
0.7436
0.7408
0.7408
0.7383
0.7376
0.7409
0.7409
0.7432
0.7434
0.745
0.748
0.748
0.7497
0.749
0.7494
0.7488
0.7485
0.7485
0.7475
0.7453
0.7453
0.7453
0.7446
0.7446
0.7474
0.7481
0.746
0.7452
0.7439
0.7449
0.7435
0.7435
0.7432
0.7432
0.7443
0.7441
0.7425
0.7425
0.7453
0.743
0.7451
0.7435
0.7429
0.7415
0.7393
0.7431
0.7445
0.7445
0.7462
0.7502
0.7493
0.7493
0.7498
0.7495
0.75
0.7491
0.7488
0.7526
0.7506
0.7506
0.7448
0.7448
0.7444
0.7429
0.7408
0.741
0.741
0.7397
0.7378
0.7356
0.7333
0.7367
0.7376
0.7404
0.7422
0.7383
0.7436
0.741
0.74
0.74
0.7456
0.748
0.7504
0.7504
0.7481
0.7463
0.748
0.7455
0.7467
0.7467
0.7448
0.7434
0.7428
0.7428
0.7431
0.7439
0.741
0.741
0.7408
0.7428
0.7416
0.7403
0.7384
0.7384
0.7385
0.735
0.735
0.736
0.74
0.74
0.739
0.7413
0.7391
0.7406
0.7382
0.7382
0.7408
0.7408
0.7401
0.7385
0.7391
0.7403
0.7409
0.7409
0.7392
0.7391
0.7391
0.7383
0.7397
0.7418
0.7418
0.7445
0.7445
0.7492
0.7516
0.7505
0.7524
0.7524
0.7531
0.7531
0.7523
0.7529
0.7547
0.7511
0.7531
0.7529
0.7498
0.7498
0.7523
0.754
0.7514
0.7499
0.7485
0.7485
0.7462
0.7462
0.7462
0.7462
0.7496
0.7509
0.7528
0.7563
0.7563
0.7625
0.7627
0.7652
0.7668
0.7692
0.7656
0.7633
0.7633
0.7576
0.7555
0.7528
0.7528
0.7518
0.7518
0.7507
0.7519
0.7494
0.7512
0.7526
0.7492
0.7506
0.7506
0.7493
0.7502
0.7494
0.7477
0.7495
0.7499
0.7486
0.7516
0.75
0.7543
0.7531
0.7556
0.7558
0.7558
0.7567
0.7555
0.7546
0.7546
0.7587
0.7556
0.756
0.7526
0.7526
0.7544
0.7544
0.7574
0.7587
0.7569
0.7572
0.7587
0.7586
0.7564
0.7564
0.7525
0.7488
0.7469
0.7469
0.7432
0.7423
0.7411
0.7427
0.7459
0.7472
0.7473
0.7464
0.7497
0.7489
0.7495
0.7452
0.7452
0.7432
0.7432
0.7461
0.7502
0.7502
0.7511
0.7511
0.7543
0.7579
0.7579
0.7604
0.7604
0.7567
0.7565
0.7557
0.7565
0.7584
0.7554
0.7562
0.7581
0.7586
0.757
0.7578
0.7573
0.7576
0.7557
0.7557
0.7557
0.7566
0.7558
0.7544
0.7538
0.7525
0.7513
0.7502
0.7477
0.7492
0.7492
0.7479
0.7476
0.7484
0.751
0.751
0.751
0.7596
0.7574
0.7574
0.7583
0.7607
0.7577
0.7565
0.7572
0.7572
0.7546
0.7546
0.7542
0.7542
0.7538
0.7528
0.7528
0.7542
0.753
0.753
0.7531
0.7537
0.7561
0.7561
0.7516
0.7506
0.7506
0.75
0.7491
0.7491
0.7471
0.7456
0.7429
0.7429
0.7488
0.7488
0.7526
0.7507
0.7498
0.7518
0.7494
0.7527
0.7512
0.7512
0.7513
0.7489
0.7482
0.7453
0.7452
0.7456
0.7456
0.747
0.7469
0.7482
0.7498
0.7506
0.7506
0.7504
0.7524
0.7487
0.7497
0.7497
0.7476
0.7485
0.7504
0.7504
0.7507
0.7516
0.7516
0.7482
0.7478
0.7478
0.7484
0.7482
0.747
0.7488
0.7488
0.7496
0.7479
0.7494
0.7494
0.7512
0.7512
0.7527
0.7558
0.7568
0.7568
0.7585
0.7617
0.761
0.7632
0.7594
0.7598
0.7603
0.7603
0.7594
0.7593
0.7568
0.7579
0.7587
0.757
0.757
0.7595
0.7659
0.7659
0.7659
0.7631
0.7627
0.7635
0.7654
0.7642
0.7642
0.7643
0.7602
0.7602
0.7593
0.7568
0.7565
0.7565
0.7563
0.751
0.7543
0.7518
0.7484
0.7484
0.7484
0.7484
0.7548
0.7571
0.7598
0.7588
0.7588
0.7563
0.759
0.7558
0.7598
0.7535
0.7535
0.7568
0.7568
0.7567
0.7567
0.751
0.751
0.752
0.7516
0.7527
0.7527
0.7517
0.7549
0.7549
0.7581
0.7623
0.7623
0.7637
0.7639
0.7647
0.7605
0.7601
0.7601
0.7555
0.7569
0.753
0.753
0.7485
0.7485
0.7455
0.7463
0.7481
0.7506
0.7532
0.7539
0.7576
0.7593
0.7605
0.7581
0.7581
0.7577
0.7556
0.7556
0.7559
0.7545
0.7521
0.7521
0.751
0.751
0.7534
0.7507
0.7507
0.751
0.7534
0.7513
0.7537
0.7537
0.7474
0.7474
0.7483
0.7456
0.7393
0.7353
0.7344
0.73
0.7282
0.7197
0.7154
0.7052
0.7006
0.7013
0.7013
0.7
0.6985
0.6919
0.6858
0.6826
0.6804
0.6804
0.6782
0.6709
0.6709
0.6642
0.664
0.663
0.6604
0.6604
0.6594
0.6577
0.6577
0.6531
0.6523
0.6486
0.6472
0.6434
0.6434
0.6439
0.6407
0.6375
0.6314
0.6282
0.6227
0.6197
0.6197
0.6167
0.6157
0.6157
0.617
0.6188
0.6183
0.6183
0.6189
0.6189
0.6177
0.6187
0.6171
0.6171
0.6181
0.618
0.617
0.6126
0.6126
0.611
0.6092
0.6064
0.6038
0.6029
0.6037
0.6033
0.6033
0.6056
0.6056
0.607
0.6064
0.6059
0.6059
0.6099
0.607
0.6104
0.6071
0.6071
0.6091
0.6086
0.6046
0.6046
0.6057
0.6057
0.6043
0.6064
0.6029
0.6029
0.6037
0.6028
0.6028
0.6034
0.597
0.5936
0.5948
0.5948
0.5904
0.5905
0.5897
0.5921
0.5921
0.5956
0.5947
0.5972
0.595
0.595
0.5964
0.5971
0.5971
0.5981
0.5979
0.5959
0.5959
0.5994
0.5971
0.596
0.5969
0.5969
0.5959
0.595
0.5936
0.5932
0.5932
0.5875
0.59
0.59
0.5901
0.5888
0.5934
0.5934
0.5926
0.5988
0.5988
0.5964
0.5995
0.6003
0.5959
0.5955
0.5955
0.594
0.5896
0.585
0.585
0.5844
0.5844
0.5846
0.586
0.5882
0.588
0.5899
0.5889
0.5889
0.59
0.5915
0.595
0.5982
0.5984
0.5991
0.5977
0.6012
0.6004
0.5989
0.5989
0.5976
0.5979
0.6003
0.6019
0.6033
0.6037
0.6037
0.6043
0.6059
0.6063
0.604
0.6038
0.6004
0.6004
0.5996
0.5996
0.6005
0.6005
0.6022
0.6032
0.6018
0.6019
0.601
0.5987
0.5987
0.601
0.6001
0.6001
0.5983
0.5971
0.5997
0.6011
0.6005
0.6005
0.5996
0.5988
0.5988
0.5971
0.5992
0.5992
0.5991
0.6
0.5976
0.5969
0.5969
0.595
0.5983
0.5983
0.6013
0.6013
0.6003
0.5971
0.5943
0.5975
0.5975
0.5962
0.5962
0.5911
0.5911
0.5925
0.5935
0.5935
0.5954
0.5948
0.5997
0.5981
0.6024
0.5998
0.6006
0.6006
0.5995
0.5975
0.5975
0.5946
0.5939
0.5942
0.5937
0.5944
0.5944
0.5946
0.5943
0.5972
0.5964
0.5964
0.597
0.597
0.5946
0.5995
0.5944
0.5993
0.5971
0.5989
0.5989
0.6009
0.6056
0.6056
0.6049
0.6052
0.6052
0.604
0.6056
0.6002
0.6037
0.6037
0.6037
0.6037
0.6034
0.6034
0.6063
0.6063
0.6059
0.608
0.608
0.6073
0.6043
0.6043
0.6043
0.6046
0.603
0.603
0.6043
0.6035
0.6035
0.6035
0.6035
0.605
0.6033
0.6047
0.6047
0.6068
0.6068
0.609
0.609
0.6068
0.6047
0.606
0.6075
0.6043
0.6043
0.6028
0.6028
0.6021
0.6051
0.6051
0.6047
0.6041
0.6041
0.6077
0.612
0.612
0.6119
0.6122
0.6173
0.6173
0.6201
0.618
0.618
0.6147
0.6147
0.6108
0.6108
0.6099
0.6099
0.61
0.61
0.61
0.6076
0.609
0.6063
0.6087
0.6126
0.6126
0.61
0.6112
0.6094
0.6116
0.6145
0.6134
0.6134
0.6109
0.6112
0.6112
0.6127
0.6138
0.6139
0.6135
0.612
0.6125
0.6121
0.61
0.609
0.609
0.6091
0.6077
0.6097
0.6095
0.6112
0.6112
0.613
0.6181
0.6181
0.6188
0.6159
0.6215
0.6224
0.6224
0.6237
0.6237
0.6238
0.6238
0.6241
0.6282
0.6252
0.6216
0.6208
0.6183
0.6183
0.6177
0.6177
0.6155
0.6136
0.6144
0.6141
0.6141
0.6154
0.6134
0.6159
0.6148
0.6164
0.616
0.615
0.6175
0.6179
0.6179
0.6184
0.6184
0.6134
0.6153
0.6156
0.6179
0.6191
0.619
0.6184
0.6207
0.6177
0.6181
0.615
0.615
0.6155
0.6118
0.6116
0.6125
0.6111
0.6111
0.6097
0.6112
0.6112
0.6126
0.613
0.6143
0.6135
0.6135
0.6164
0.614
0.6117
0.6133
0.6133
0.6144
0.6146
0.6146
0.6147
0.6126
0.6062
0.6045
0.6045
0.6041
0.6042
0.6047
0.6076
0.6112
0.6085
0.6101
0.6091
0.6119
0.6119
0.6131
0.6143
0.6191
0.6149
0.6171
0.6171
0.6181
0.6134
0.6134
0.6127
0.6138
0.6188
0.6188
0.6178
0.6178
0.6135
0.6124
0.6158
0.614
0.614
0.617
0.6172
0.6178
0.6179
0.6169
0.6151
0.6174
0.6177
0.6177
0.6208
0.6221
0.6221
0.6202
0.6202
0.6199
0.6207
0.6231
0.6213
0.6179
0.6185
0.6145
0.6134
0.6091
0.6091
0.6079
0.612
0.6144
0.6167
0.6159
0.6159
0.6117
0.6125
0.6125
0.6137
0.6139
0.6137
0.6132
0.614
0.6143
0.6169
0.6169
0.618
0.6173
0.6163
0.6148
0.6148
0.6109
0.6082
0.6091
0.6091
0.6126
0.6147
0.6141
0.6141
0.6147
0.6138
0.6137
0.6128
0.6128
0.611
0.61
0.6079
0.6074
0.6074
0.6088
0.6079
0.6082
0.6083
0.609
0.6048
0.605
0.6047
0.6036
0.6036
0.6082
0.6078
0.6084
0.6065
0.6065
0.6065
0.6075
0.6076
0.6074
0.6055
0.605
0.6027
0.6027
0.6048
0.6067
0.6088
0.6094
0.6098
0.6098
0.6079
0.6036
0.6036
0.6024
0.599
0.597
0.5964
0.5936
0.5936
0.5953
0.5953
0.5962
0.5977
0.6015
0.6021
0.6033
0.6015
0.6018
0.6018
0.6005
0.6025
0.6025
0.6035
0.6035
0.6048
0.6042
0.6051
0.6062
0.6062
0.6056
0.6038
0.5999
0.6005
0.5981
0.5983
0.5983
0.5956
0.5956
0.5932
0.5932
0.5936
0.5962
0.5994
0.5989
0.5971
0.5986
0.5984
0.5984
0.5984
0.6004
0.6014
0.6031
0.6033
0.6033
0.6048
0.6025
0.6059
0.6071
0.6072
0.6072
0.6046
0.6025
0.6033
0.6028
0.6053
0.6053
0.6063
0.6062
0.6083
0.6086
0.607
0.607
0.6076
0.6031
0.5993
0.5993
0.5935
0.5902
0.5902
0.5905
0.5905
0.5927
0.5929
0.5906
0.5906
0.5918
0.5934
0.5964
0.5964
0.593
0.593
0.5946
0.5943
0.5972
0.5964
0.5947
0.5947
0.5968
0.5978
0.6002
0.5988
0.5981
0.6022
0.6027
0.6068
0.6089
0.6067
0.6067
0.6046
0.6028
0.5976
0.5979
0.5979
0.5977
0.5978
0.5978
0.5997
0.6019
0.6056
0.6068
0.6128
0.6131
0.6131
0.6095
0.6116
0.6116
0.6088
0.61
0.6115
0.6091
0.6146
0.6152
0.6198
0.6202
0.616
0.616
0.6152
0.6136
0.6134
0.6134
0.6156
0.6119
0.6098
0.6069
0.6079
0.6063
0.6081
0.6072
0.611
0.611
0.6146
0.6164
0.6164
0.6168
0.6156
0.6187
0.6208
0.6208
0.6205
0.6205
0.6191
0.619
0.6172
0.6166
0.6185
0.6202
0.6214
0.6259
0.6259
0.6255
0.6273
0.6262
0.63
0.63
0.6297
0.6257
0.6243
0.6266
0.629
0.6366
0.6366
0.6429
0.643
0.643
0.6458
0.6494
0.6494
0.6533
0.6549
0.6537
0.6485
0.6485
0.6426
0.6402
0.6386
0.6392
0.6392
0.6392
0.6407
0.6407
0.6415
0.645
0.6458
0.6471
0.6491
0.6519
0.6519
0.654
0.6566
0.6568
0.6568
0.6579
0.6589
0.6631
0.6623
0.665
0.6656
0.6647
0.6647
0.6649
0.6649
0.6636
0.6637
0.6646
0.6649
0.6649
0.6667
0.6685
0.6685
0.6661
0.6642
0.6638
0.6629
0.6631
0.6619
0.6635
0.6644
0.6644
0.6599
0.6588
0.6585
0.6584
0.6584
0.6617
0.6626
0.6627
0.6632
0.6613
0.6612
0.6587
0.6587
0.6583
0.6571
0.6584
0.6584
0.6602
0.6613
0.6613
0.6603
0.6609
0.658
0.658
0.6536
0.652
0.652
0.6491
0.6438
0.6439
0.6425
0.6427
0.6417
0.6426
0.6422
0.6422
0.6427
0.6427
0.643
0.6412
0.6402
0.6369
0.638
0.638
0.6401
0.6408
0.6408
0.6384
0.6384
0.6384
0.6453
0.6486
0.6477
0.6471
0.6471
0.6489
0.648
0.6478
0.6478
0.6442
0.6463
0.6441
0.6443
0.644
0.6427
0.64
0.6409
0.6435
0.6435
0.6404
0.64
0.645
0.645
0.6495
0.6495
0.652
0.6554
0.6554
0.6533
0.6512
0.6512
0.6499
0.6453
0.6453
0.645
0.6435
0.6405
0.6405
0.6343
0.6343
0.6313
0.6313
0.6306
0.6306
0.625
0.625
0.6196
0.6174
0.6164
0.6122
0.6122
0.6118
0.6155
0.6155
0.6149
0.6179
0.6168
0.6187
0.6184
0.6181
0.6188
0.6167
0.6167
0.6145
0.6145
0.6118
0.6058
0.6058
0.6025
0.6025
0.6018
0.6018
0.6015
0.6022
0.6022
0.6022
0.6046
0.6046
0.6062
0.6078
0.6106
0.6106
0.613
0.6136
0.6136
0.614
0.618
0.618
0.6158
0.6159
0.6147
0.6165
0.6165
0.6192
0.6173
0.6215
0.6195
0.6188
0.6184
0.6184
0.6168
0.6159
0.6161
0.615
0.6112
0.6112
0.6088
0.6056
0.6061
0.6084
0.6084
0.6103
0.6085
0.6085
0.6078
0.6078
0.609
0.6106
0.608
0.607
0.607
0.6041
0.6004
0.6004
0.5952
0.5935
0.5892
0.5875
0.5875
0.5867
0.587
0.5862
0.5894
0.5914
0.5928
0.5954
0.595
0.5986
0.5976
0.5965
0.5958
0.5959
0.5959
0.5957
0.5967
0.5949
0.5964
0.5932
0.5932
0.5892
0.5887
0.5869
0.5866
0.5901
0.5901
0.5897
0.5902
0.5956
0.5993
0.6013
0.6011
0.6011
0.6023
0.6038
0.6042
0.6078
0.6078
0.6082
0.6105
0.6129
0.6097
0.6097
0.6088
0.609
0.609
0.6098
0.6098
0.6079
0.6093
0.6101
0.6096
0.6106
0.6097
0.6091
0.6117
0.6117
0.6129
0.61
0.61
0.6121
0.6121
0.6161
0.6177
0.6177
0.6178
0.615
0.615
0.6123
0.614
0.6102
0.6095
0.605
0.6016
0.5984
0.596
0.5958
0.5942
0.5962
0.5975
0.5985
0.6
0.6
0.6028
0.6042
0.6042
0.6042
0.605
0.6036
0.6036
0.6049
0.6036
0.6059
0.6038
0.605
0.602
0.6071
0.606
0.6056
0.6104
0.6088
0.6088
0.6134
0.612
0.6126
0.6168
0.6168
0.6151
0.6145
0.6145
0.6116
0.6125
0.6087
0.6097
0.6053
0.6067
0.6016
0.6011
0.6047
0.6022
0.6022
0.6033
0.6032
0.5986
0.6004
0.5992
0.5962
0.5993
0.5993
0.5968
0.599
0.6011
0.6021
0.6035
0.6055
0.6084
0.6087
0.6081
0.6088
0.6087
0.61
0.61
0.6119
0.6125
0.6138
0.6159
0.6159
0.618
0.617
0.6144
0.6124
0.6127
0.6116
0.6126
0.6131
0.6121
0.6143
0.6144
0.6144
0.6162
0.6174
0.6155
0.6155
0.6184
0.6172
0.6172
0.6199
0.6173
0.6157
0.6186
0.6175
0.6175
0.6182
0.6182
0.6162
0.6162
0.6139
0.6162
0.6162
0.6186
0.6197
0.6197
0.618
0.6177
0.6158
0.6158
0.6144
0.6144
0.615
0.6149
0.6103
0.6103
0.6132
0.6146
0.6132
0.6129
0.6129
0.6111
0.6111
0.6154
0.6181
0.6183
0.6183
0.6228
0.6229
0.6271
0.6287
0.6264
0.6257
0.6238
0.6238
0.6244
0.6279
0.6265
0.6265
0.6262
0.6262
0.6296
0.6327
0.6328
0.632
0.6328
0.6328
0.6307
0.6314
0.6314
0.6299
0.6317
0.6298
0.6298
0.6309
0.6309
0.6314
0.6333
0.6341
0.6358
0.6358
0.6357
0.6354
0.6357
0.6351
0.634
0.6355
0.6377
0.6382
0.6382
0.6383
0.6364
0.6337
0.6348
0.6334
0.6334
0.6338
0.632
0.632
0.6334
0.6328
0.6327
0.6327
0.6369
0.6384
0.6376
0.6395
0.6374
0.6374
0.6429
0.6471
0.6471
0.6499
0.6504
0.648
0.6506
0.6506
0.6524
0.6557
0.6571
0.6544
0.6559
0.6559
0.6537
0.6535
0.6521
0.6521
0.6469
0.6469
0.6435
0.6389
0.6361
0.6375
0.6375
0.6355
0.6392
0.6425
0.6407
0.6389
0.639
0.6379
0.6374
0.6378
0.6371
0.6371
0.6362
0.6416
0.6424
0.6424
0.6466
0.6467
0.648
0.648
0.6491
0.6491
0.6502
0.6439
0.6413
0.6439
0.6421
0.6443
0.6443
0.6494
0.6494
0.6531
0.6534
0.6526
0.6526
0.6524
0.6547
0.6523
0.6548
0.6548
0.6494
0.6494
0.6466
0.6502
0.6495
0.6526
0.6497
0.6539
0.6517
0.6517
0.6535
0.6532
0.6532
0.6526
0.6533
0.6533
0.6519
0.6497
0.6479
0.6479
0.6466
0.6439
0.6439
0.6436
0.6412
0.6421
0.6412
0.6423
0.6405
0.6405
0.6422
0.6422
0.6446
0.6446
0.6402
0.6402
0.6335
0.6314
0.6328
0.6306
0.6329
0.6318
0.6346
0.6373
0.6405
0.6443
0.6443
0.6463
0.6463
0.645
0.6476
0.6479
0.6441
0.6407
0.6383
0.6343
0.6326
0.6326
0.6285
0.6279
0.6268
0.6268
0.6252
0.625
0.6274
0.628
0.6267
0.6267
0.6297
0.6243
0.6216
0.6228
0.6209
0.6218
0.6218
0.6231
0.6279
0.6294
0.6342
0.6357
0.6369
0.6372
0.6392
0.6375
0.6375
0.6395
0.6418
0.6406
0.6396
0.6396
0.6412
0.6413
0.642
0.642
0.6454
0.6439
0.6413
0.6391
0.6395
0.6373
0.6373
0.6359
0.6359
0.6367
0.6354
0.6354
0.6383
0.64
0.64
0.6413
0.6417
0.641
0.6414
0.6414
0.6413
0.6413
0.6404
0.6405
0.6384
0.6384
0.6399
0.6406
0.6429
0.6453
0.6453
0.6456
0.6457
0.6456
0.6433
0.6405
0.6356
0.6369
0.6368
0.635
0.6353
0.6332
0.6333
0.6306
0.6307
0.6285
0.6279
0.6279
0.6286
0.6312
0.6313
0.6312
0.63
0.6298
0.6298
0.632
0.632
0.6365
0.6365
0.6372
0.6359
0.6329
0.6329
0.6327
0.6294
0.632
0.632
0.6334
0.6294
0.6242
0.6242
0.6264
0.6254
0.6278
0.63
0.6337
0.6318
0.6317
0.6317
0.625
0.6199
0.6189
0.6193
0.619
0.6189
0.6174
0.6226
0.6202
0.6227
0.6208
0.6223
0.6195
0.6206
0.6214
0.6266
0.6266
0.6265
0.6224
0.6199
0.6211
0.6211
0.6273
0.6273
0.6298
0.6281
0.63
0.6259
0.6237
0.6246
0.6246
0.625
0.6242
0.6271
0.6276
0.6282
0.6275
0.6294
0.6317
0.6317
0.635
0.636
0.6364
0.6381
0.6373
0.6335
0.6314
0.6314
0.6314
0.6342
0.636
0.6392
0.6376
0.6373
0.6373
0.6374
0.6367
0.6367
0.6349
0.6349
0.6282
0.6239
0.6233
0.6228
0.6228
0.6214
0.6248
0.6248
0.6259
0.6259
0.6271
0.6265
0.624
0.6229
0.6219
0.6219
0.6258
0.6253
0.627
0.627
0.6287
0.6267
0.6267
0.6265
0.626
0.6245
0.6211
0.62
0.6171
0.6171
0.6155
0.614
0.6177
0.6192
0.6187
0.6186
0.6186
0.6186
0.6186
0.6145
0.6145
0.6143
0.61
0.61
0.6081
0.6097
0.6087
0.6077
0.6084
0.6097
0.6081
0.6081
0.6078
0.6078
0.6094
0.6121
0.6116
0.6131
0.6118
0.6118
0.6141
0.6145
0.6164
0.6164
0.6156
0.6133
0.6128
0.6111
0.6132
0.6142
0.6115
0.6115
0.6097
0.61
0.6131
0.6131
0.6131
0.6147
0.618
0.6172
0.6183
0.6183
0.6159
0.6176
0.6159
0.6152
0.6128
0.6128
0.6137
0.6159
0.6198
0.6205
0.6205
0.6224
0.6224
0.6218
0.6218
0.6223
0.6226
0.6242
0.6244
0.6244
0.6248
0.624
0.6196
0.6194
0.6194
0.6252
0.6275
0.6275
0.6289
0.6317
0.6318
0.6318
0.64
0.64
0.6404
0.6408
0.6384
0.6384
0.6355
0.6355
0.634
0.6314
0.6272
0.6245
0.6245
0.6271
0.6271
0.631
0.631
0.6332
0.6313
0.6337
0.6389
0.6389
0.64
0.6386
0.6401
0.6391
0.6372
0.6341
0.6335
0.6335
0.6338
0.6301
0.6315
0.6315
0.6279
0.6298
0.6257
0.6277
0.6283
0.6312
0.6319
0.6349
0.6349
0.6386
0.6378
0.6389
0.6387
0.6387
0.6376
0.6366
0.6329
0.6328
0.6328
0.6352
0.6322
0.6324
0.6332
0.6385
0.6372
0.6372
0.6435
0.6409
0.6405
0.6417
0.6365
0.6365
0.6383
0.6383
0.6413
0.6413
0.6433
0.6448
0.6428
0.6426
0.6426
0.6461
0.6444
0.6444
0.6391
0.6371
0.6371
0.6363
0.6363
0.6372
0.6369
0.6369
0.6376
0.6401
0.6445
0.6445
0.6442
0.6442
0.6468
0.6446
0.6468
0.6421
0.6394
0.6407
0.6353
0.6331
0.6331
0.6315
