0
0
0
0.0438
0.0425
0.0439
0.0439
0.0467
0.0463
0.0461
0.0461
0.0439
0.0439
0.0441
0.0458
0.0458
0.0464
0.0458
0.0458
0.0457
0.0451
0.0455
0.0451
0.0449
0.0448
0.0442
0.0444
0.0444
0.0433
0.0433
0.0431
0.0427
0.0427
0.0428
0.0428
0.0426
0.0426
0.0422
0.0429
0.0428
0.0428
0.0431
0.0434
0.0436
0.0436
0.0432
0.0421
0.0421
0.0416
0.0416
0.0425
0.0429
0.0431
0.043
0.0432
0.0432
0.0427
0.0423
0.0423
0.0427
0.0421
0.0418
0.0418
0.0416
0.0416
0.0412
0.0412
0.0407
0.0407
0.041
0.041
0.0409
0.0412
0.0413
0.0411
0.0411
0.041
0.0412
0.0412
0.0414
0.0418
0.0418
0.042
0.042
0.0423
0.0425
0.042
0.0422
0.0424
0.0422
0.0428
0.0428
0.0427
0.0423
0.0424
0.0418
0.0418
0.0427
0.0423
0.0423
0.0427
0.0421
0.0421
0.0421
0.0418
0.0426
0.0426
0.0422
0.0423
0.0425
0.0417
0.0426
0.0424
0.0419
0.0419
0.0419
0.0414
0.0415
0.0419
0.041
0.0413
0.0413
0.0408
0.0407
0.0407
0.0404
0.0404
0.04
0.0403
0.0401
0.0403
0.0403
0.0401
0.0403
0.0404
0.0406
0.0406
0.041
0.0408
0.0405
0.0409
0.0409
0.0408
0.0406
0.0399
0.0396
0.0396
0.0392
0.039
0.039
0.0391
0.0394
0.0392
0.0392
0.0391
0.0398
0.0402
0.0396
0.0398
0.0398
0.0386
0.0383
0.0389
0.0388
0.0393
0.0389
0.0388
0.039
0.039
0.039
0.0399
0.0399
0.0401
0.0394
0.0394
0.0394
0.0402
0.0401
0.0404
0.0409
0.0403
0.04
0.0402
0.0402
0.0395
0.0391
0.0386
0.0383
0.0383
0.0389
0.039
0.039
0.039
0.0394
0.0399
0.0402
0.0402
0.0406
0.0402
0.0401
0.0406
0.0406
0.0406
0.0408
0.0408
0.0408
0.0408
0.0404
0.0403
0.0403
0.0403
0.0396
0.0404
0.0396
0.0397
0.0392
0.0397
0.0398
0.0398
0.0397
0.0397
0.0399
0.0399
0.0399
0.04
0.0401
0.0402
0.0402
0.0402
0.0406
0.0406
0.0405
0.0407
0.0408
0.0408
0.0404
0.0404
0.0407
0.0407
0.0405
0.0409
0.0405
0.041
0.0409
0.0407
0.0407
0.0407
0.0407
0.0405
0.0405
0.0401
0.0401
0.0403
0.0404
0.0405
0.041
0.041
0.0408
0.0411
0.0407
0.041
0.041
0.0408
0.0407
0.0407
0.0406
0.0396
0.0396
0.0396
0.0397
0.0397
0.0397
0.0394
0.0392
0.0398
0.0398
0.0404
0.0408
0.0408
0.0403
0.0408
0.0408
0.0404
0.0404
0.0403
0.0403
0.0404
0.0402
0.04
0.0398
0.0398
0.0396
0.04
0.04
0.0402
0.0405
0.0403
0.0399
0.0399
0.0404
0.0406
0.0408
0.0406
0.0404
0.0402
0.0401
0.0401
0.0403
0.0401
0.0401
0.0399
0.0397
0.0394
0.0394
0.0391
0.0395
0.0394
0.0394
0.0394
0.0392
0.0393
0.04
0.0403
0.0407
0.0407
0.0407
0.0406
0.0408
0.0413
0.0409
0.0408
0.0408
0.0408
0.0407
0.0407
0.0408
0.0408
0.0414
0.0414
0.0417
0.0417
0.0417
0.0416
0.0415
0.0415
0.0415
0.0415
0.0409
0.0409
0.0404
0.0405
0.041
0.0404
0.0406
0.0402
0.0402
0.0401
0.0404
0.0404
0.0399
0.0399
0.04
0.0403
0.0399
0.0402
0.0402
0.0399
0.04
0.0407
0.0405
0.0403
0.0404
0.0398
0.0398
0.0396
0.0399
0.0397
0.0397
0.0398
0.0401
0.0403
0.0402
0.0408
0.0408
0.0414
0.0412
0.0412
0.0415
0.0416
0.0414
0.0418
0.0418
0.042
0.0419
0.0419
0.0417
0.0417
0.0419
0.0419
0.0413
0.0414
0.0403
0.0411
0.0414
0.0409
0.0411
0.0411
0.0409
0.0408
0.0408
0.041
0.041
0.0402
0.0397
0.0397
0.0403
0.0399
0.0393
0.0396
0.0396
0.0393
0.0393
0.0387
0.039
0.039
0.0394
0.0394
0.0396
0.0391
0.0396
0.0396
0.0407
0.0407
0.0412
0.0406
0.0408
0.0401
0.0402
0.0402
0.0406
0.0402
0.0396
0.0395
0.0395
0.0394
0.0395
0.0398
0.0396
0.0396
0.0395
0.0395
0.0396
0.0396
0.04
0.04
0.0401
0.0403
0.0402
0.0404
0.0403
0.0403
0.04
0.0403
0.04
0.04
0.04
0.0393
0.0397
0.0396
0.0398
0.0397
0.0399
0.0399
0.0401
0.0402
0.0399
0.0399
0.04
0.04
0.0397
0.0397
0.0395
0.0395
0.0395
0.0395
0.0395
0.0395
0.0399
0.0399
0.0397
0.0398
0.0398
0.0405
0.0404
0.0401
0.0401
0.0404
0.0408
0.0407
0.0407
0.0403
0.0404
0.0406
0.0402
0.0408
0.0406
0.041
0.041
0.041
0.0411
0.0406
0.0406
0.0411
0.0408
0.0407
0.0407
0.0403
0.0407
0.0407
0.0408
0.0409
0.0406
0.0406
0.0399
0.0401
0.0403
0.0402
0.04
0.04
0.0394
0.0395
0.0395
0.0398
0.0401
0.0398
0.0396
0.0401
0.0401
0.0398
0.04
0.04
0.0401
0.0408
0.0408
0.0413
0.0413
0.0418
0.0417
0.0424
0.0422
0.0421
0.0422
0.0422
0.0418
0.0418
0.0418
0.042
0.042
0.0423
0.0418
0.042
0.0423
0.0423
0.0425
0.0422
0.0422
0.0424
0.0424
0.0425
0.0425
0.0433
0.0427
0.0421
0.0422
0.0422
0.0424
0.0425
0.0425
0.043
0.0423
0.0424
0.0424
0.0424
0.043
0.043
0.043
0.043
0.043
0.0419
0.0419
0.0419
0.0419
0.0419
0.042
0.042
0.0425
0.0424
0.042
0.0424
0.042
0.042
0.0427
0.0428
0.0423
0.0425
0.0421
0.0421
0.0419
0.0421
0.0419
0.0419
0.0419
0.0419
0.0414
0.0414
0.042
0.0419
0.0419
0.0412
0.0415
0.0411
0.0411
0.041
0.0416
0.0416
0.0412
0.0412
0.0418
0.0418
0.0415
0.0414
0.0413
0.0412
0.0409
0.0406
0.0408
0.0411
0.04
0.04
0.0406
0.0405
0.0409
0.041
0.041
0.0409
0.0409
0.0407
0.0409
0.0413
0.0414
0.0413
0.0411
0.041
0.0409
0.0406
0.0406
0.0404
0.0405
0.0404
0.0404
0.0407
0.0409
0.0416
0.0416
0.0415
0.0415
0.0416
0.0412
0.0412
0.0414
0.0411
0.0415
0.0417
0.0411
0.0416
0.0414
0.0414
0.0418
0.0418
0.0412
0.0407
0.0414
0.0408
0.0408
0.0405
0.0408
0.0408
0.0416
0.0419
0.0419
0.0419
0.0421
0.0421
0.0421
0.0421
0.0413
0.0412
0.0405
0.0404
0.0404
0.0412
0.0409
0.0404
0.0407
0.0407
0.0407
0.0409
0.0409
0.0408
0.0408
0.0402
0.0403
0.0404
0.0405
0.0402
0.0402
0.0405
0.0402
0.0407
0.0407
0.0406
0.0406
0.0407
0.0408
0.0415
0.0417
0.0421
0.0417
0.0412
0.0412
0.0413
0.0414
0.041
0.041
0.0405
0.0408
0.0408
0.0413
0.0419
0.0419
0.0418
0.0417
0.0417
0.0428
0.0427
0.0426
0.0422
0.0422
0.0412
0.0417
0.0417
0.042
0.042
0.0418
0.0419
0.0416
0.0416
0.0418
0.042
0.0424
0.0428
0.0425
0.0424
0.0421
0.0421
0.0425
0.0427
0.0427
0.0423
0.0423
0.0421
0.0424
0.0421
0.0421
0.0424
0.0422
0.0413
0.0413
0.0413
0.0414
0.0412
0.0407
0.0407
0.0407
0.0407
0.0404
0.0406
0.0406
0.0406
0.0407
0.0407
0.0405
0.0405
0.0403
0.0401
0.0405
0.0405
0.041
0.041
0.0409
0.0409
0.0411
0.0415
0.0418
0.0418
0.0412
0.0418
0.0412
0.0414
0.0414
0.0417
0.0419
0.0415
0.0419
0.0419
0.042
0.0418
0.042
0.042
0.0424
0.0423
0.0418
0.0418
0.0414
0.0408
0.0409
0.0409
0.0414
0.0414
0.0407
0.0414
0.0417
0.0415
0.0415
0.0418
0.0418
0.0423
0.0426
0.0421
0.0423
0.0415
0.0411
0.042
0.0416
0.0419
0.0415
0.0415
0.0406
0.0412
0.0407
0.0407
0.0409
0.0409
0.0404
0.0411
0.0407
0.0407
0.0411
0.0413
0.0412
0.0412
0.0416
0.0417
0.0418
0.0418
0.0414
0.0418
0.0417
0.041
0.0413
0.0413
0.0411
0.0417
0.0417
0.0413
0.041
0.041
0.0413
0.041
0.0414
0.0413
0.0413
0.0416
0.0416
0.0416
0.0421
0.0421
0.042
0.0419
0.042
0.0419
0.0422
0.0417
0.0417
0.0418
0.0416
0.0412
0.0412
0.0411
0.041
0.0411
0.0408
0.0409
0.0412
0.0413
0.0416
0.0416
0.0422
0.0421
0.0418
0.042
0.042
0.0423
0.0425
0.0425
0.0419
0.0417
0.0421
0.0421
0.0423
0.0423
0.0425
0.0424
0.0424
0.0424
0.0419
0.0414
0.041
0.0411
0.0411
0.0408
0.0405
0.0401
0.0406
0.0403
0.0407
0.0408
0.0408
0.0413
0.0413
0.0417
0.0417
0.0418
0.0418
0.0416
0.0414
0.0414
0.0413
0.0414
0.0416
0.0414
0.042
0.042
0.0422
0.0423
0.0426
0.0424
0.0426
0.0427
0.0427
0.0429
0.0423
0.0424
0.0421
0.0422
0.0422
0.0423
0.0425
0.0424
0.0424
0.0419
0.0422
0.0418
0.0421
0.0421
0.0419
0.0416
0.0416
0.041
0.0411
0.041
0.0411
0.0411
0.0413
0.0413
0.0412
0.0418
0.042
0.042
0.0426
0.0433
0.043
0.0427
0.0429
0.0432
0.0432
0.0431
0.0426
0.0427
0.0418
0.0422
0.0422
0.0427
0.0427
0.0425
0.0416
0.0416
0.0413
0.0413
0.0408
0.0415
0.0415
0.0406
0.0406
0.0406
0.0403
0.0409
0.0405
0.0405
0.0401
0.0401
0.0398
0.0402
0.0404
0.0403
0.0404
0.0403
0.0408
0.0408
0.0408
0.041
0.0411
0.0414
0.0414
0.0419
0.0423
0.0425
0.0423
0.0426
0.0426
0.043
0.0428
0.0429
0.0426
0.0426
0.0426
0.0423
0.0424
0.0424
0.0425
0.0423
0.0427
0.0424
0.042
0.042
0.0426
0.0426
0.0425
0.0425
0.0425
0.0425
0.0425
0.0429
0.0433
0.0433
0.0427
0.0428
0.0426
0.0426
0.0433
0.0434
0.0434
0.0432
0.0431
0.0431
0.0432
0.0433
0.0434
0.0434
0.0429
0.0429
0.0419
0.0423
0.042
0.0421
0.0423
0.0422
0.0421
0.0421
0.0412
0.0415
0.0421
0.0421
0.0422
0.0418
0.0418
0.0416
0.0423
0.0423
0.0423
0.042
0.042
0.0419
0.0418
0.0424
0.0417
0.0417
0.0421
0.042
0.0416
0.0416
0.0416
0.0416
0.0416
0.0417
0.0417
0.0417
0.0415
0.0418
0.0418
0.0415
0.0415
0.0415
0.0414
0.041
0.041
0.041
0.041
0.0405
0.0408
0.0411
0.0411
0.0406
0.0402
0.0407
0.0405
0.041
0.0408
0.0411
0.0411
0.0409
0.0408
0.0406
0.0407
0.0408
0.0406
0.0406
0.0404
0.0401
0.0401
0.0405
0.0408
0.0408
0.0405
0.0405
0.0407
0.0407
0.0401
0.0403
0.0403
0.0399
0.0402
0.0403
0.0403
0.0401
0.0403
0.0401
0.0402
0.0402
0.0402
0.0407
0.0407
0.0406
0.0403
0.0406
0.0408
0.0408
0.0414
0.0412
0.0416
0.0411
0.0416
0.041
0.0416
0.0416
0.0413
0.0413
0.0415
0.0415
0.0417
0.0418
0.041
0.041
0.0408
0.0403
0.0405
0.0404
0.0398
0.0397
0.0397
0.0397
0.0396
0.0403
0.0403
0.0403
0.041
0.0409
0.0414
0.0414
0.0411
0.0409
0.0415
0.0414
0.0415
0.0413
0.0406
0.0404
0.0402
0.0402
0.0406
0.0402
0.0402
0.0397
0.0397
0.0399
0.0399
0.0404
0.0406
0.0406
0.0405
0.0405
0.0407
0.0409
0.0409
0.0407
0.0405
0.0407
0.0402
0.0402
0.0408
0.0408
0.041
0.0416
0.0421
0.0425
0.0431
0.0442
0.0445
0.046
0.0457
0.0467
0.047
0.0477
0.0477
0.0483
0.0487
0.0485
0.0489
0.049
0.0498
0.0498
0.05
0.0505
0.0505
0.0512
0.051
0.0513
0.0517
0.0517
0.0515
0.0513
0.0513
0.0516
0.0512
0.0514
0.0514
0.0514
0.0519
0.0519
0.0524
0.0524
0.053
0.0527
0.053
0.0536
0.0536
0.0537
0.0535
0.0535
0.0529
0.0526
0.0525
0.0525
0.0528
0.0528
0.0522
0.0514
0.0516
0.0516
0.0516
0.0515
0.0515
0.0516
0.0516
0.0515
0.0516
0.0523
0.0525
0.0525
0.0525
0.053
0.053
0.0531
0.0531
0.0527
0.0529
0.0534
0.0526
0.0526
0.0531
0.0526
0.0525
0.0525
0.0519
0.0519
0.0523
0.0523
0.0523
0.0523
0.0524
0.0515
0.0523
0.0522
0.0522
0.0523
0.0523
0.0521
0.0522
0.0526
0.0523
0.0529
0.0529
0.0528
0.0527
0.0527
0.0527
0.0523
0.0526
0.0524
0.0525
0.0525
0.0522
0.0518
0.0518
0.0518
0.0517
0.0522
0.0522
0.0519
0.0524
0.052
0.0519
0.0529
0.0529
0.053
0.0535
0.0528
0.0528
0.0533
0.0531
0.0531
0.0534
0.0531
0.0525
0.0525
0.0528
0.0525
0.0525
0.0529
0.0523
0.0519
0.0528
0.0528
0.0528
0.0527
0.0529
0.0533
0.0533
0.0533
0.0533
0.053
0.0527
0.0527
0.0529
0.0527
0.0524
0.0524
0.0526
0.0526
0.0523
0.0519
0.0522
0.0521
0.0524
0.0521
0.0525
0.0524
0.0524
0.0526
0.053
0.0532
0.0529
0.0522
0.052
0.052
0.0521
0.0523
0.0521
0.0521
0.0517
0.052
0.052
0.0528
0.0528
0.0523
0.0523
0.0521
0.0518
0.052
0.052
0.052
0.0516
0.0516
0.0516
0.052
0.052
0.0523
0.0529
0.0529
0.0527
0.0526
0.0526
0.0525
0.0525
0.0525
0.0527
0.0523
0.0523
0.0523
0.0519
0.0522
0.0523
0.0523
0.052
0.0521
0.0521
0.0521
0.0521
0.052
0.052
0.0528
0.0524
0.0524
0.0523
0.0523
0.0528
0.0528
0.0526
0.0534
0.0534
0.0529
0.053
0.0521
0.0533
0.0528
0.0529
0.0524
0.0525
0.0519
0.0525
0.0525
0.0528
0.0527
0.0526
0.0529
0.053
0.0529
0.0529
0.053
0.0527
0.0529
0.0526
0.0534
0.0534
0.0536
0.0525
0.0533
0.0525
0.0531
0.0527
0.0527
0.0524
0.0518
0.0518
0.052
0.052
0.052
0.0519
0.0513
0.0517
0.0517
0.0517
0.0517
0.0517
0.0515
0.0515
0.0519
0.0512
0.0512
0.0516
0.0516
0.0511
0.0515
0.0515
0.0509
0.0509
0.0514
0.0514
0.0514
0.0517
0.0517
0.0517
0.0517
0.0522
0.0527
0.0525
0.0525
0.0527
0.0527
0.0518
0.0518
0.0517
0.052
0.0523
0.0522
0.0517
0.0517
0.052
0.052
0.0529
0.0527
0.0527
0.0529
0.0533
0.0533
0.053
0.053
0.053
0.053
0.0526
0.0523
0.0523
0.052
0.0517
0.0517
0.0519
0.0519
0.0527
0.0527
0.0526
0.0526
0.0525
0.053
0.053
0.0528
0.0527
0.0527
0.0524
0.0518
0.0525
0.0525
0.0522
0.0529
0.0529
0.0529
0.0529
0.0529
0.0532
0.0533
0.0533
0.0535
0.0531
0.0522
0.0519
0.0519
0.0526
0.0526
0.0526
0.0522
0.0524
0.052
0.053
0.0527
0.0532
0.0525
0.0525
0.053
0.0524
0.0524
0.0525
0.0535
0.0528
0.0528
0.0528
0.0525
0.0525
0.0522
0.0522
0.0526
0.0516
0.052
0.0517
0.0516
0.0521
0.0521
0.052
0.0514
0.0514
0.0519
0.0519
0.0524
0.0518
0.0518
0.0523
0.0514
0.0523
0.0527
0.0525
0.053
0.0525
0.0524
0.0524
0.0525
0.0525
0.0534
0.0534
0.0534
0.0531
0.0525
0.0525
0.0525
0.052
0.0525
0.0519
0.052
0.052
0.0513
0.0522
0.0522
0.0521
0.0521
0.0521
0.0517
0.0521
0.0521
0.0525
0.0522
0.0521
0.0518
0.0518
0.0517
0.0522
0.0524
0.052
0.052
0.052
0.0526
0.0526
0.0523
0.0524
0.0531
0.0536
0.0536
0.0537
0.0541
0.0536
0.0537
0.0537
0.054
0.054
0.0539
0.0535
0.0535
0.0532
0.0533
0.0524
0.0528
0.0522
0.0522
0.052
0.0531
0.0531
0.0533
0.0531
0.0529
0.0535
0.0527
0.0527
0.0527
0.0534
0.053
0.0533
0.0533
0.0527
0.0523
0.0521
0.0521
0.0527
0.0526
0.0519
0.052
0.052
0.0522
0.0521
0.0521
0.0524
0.0524
0.0529
0.0529
0.053
0.0533
0.0529
0.0525
0.053
0.0526
0.0529
0.0529
0.0525
0.0524
0.0525
0.0525
0.0526
0.0526
0.0531
0.0531
0.0531
0.0533
0.0532
0.0533
0.0533
0.0532
0.0534
0.053
0.053
0.0531
0.0535
0.0536
0.0536
0.0536
0.0531
0.0532
0.0535
0.0535
0.0536
0.0534
0.0534
0.0534
0.0536
0.0536
0.0537
0.0538
0.0538
0.0535
0.0531
0.0529
0.0527
0.0527
0.0524
0.0522
0.0521
0.0522
0.052
0.0525
0.0523
0.0527
0.0533
0.0533
0.0531
0.0533
0.0532
0.0532
0.0532
0.053
0.0529
0.053
0.0527
0.0529
0.0526
0.0527
0.0527
0.0527
0.0525
0.0518
0.0518
0.0516
0.0516
0.0516
0.0513
0.0513
0.0517
0.0522
0.0525
0.0526
0.0528
0.0528
0.0527
0.053
0.053
0.0537
0.0534
0.0535
0.053
0.0528
0.053
0.053
0.0533
0.0529
0.0529
0.0522
0.0519
0.0519
0.052
0.0521
0.0518
0.0518
0.0517
0.0516
0.052
0.0521
0.0522
0.0524
0.0524
0.0526
0.0526
0.0523
0.0523
0.0524
0.053
0.0523
0.052
0.052
0.0519
0.0522
0.0522
0.0529
0.0524
0.0518
0.0515
0.0514
0.0514
0.0516
0.0522
0.0516
0.0517
0.0519
0.0519
0.0521
0.0524
0.0524
0.0527
0.0524
0.0524
0.0518
0.0516
0.0511
0.0514
0.0521
0.0521
0.0518
0.0519
0.0517
0.0517
0.0528
0.0529
0.0529
0.0531
0.0531
0.0523
0.0528
0.0526
0.0526
0.0532
0.0536
0.0535
0.0535
0.0535
0.0534
0.0538
0.0541
0.054
0.0535
0.0534
0.0534
0.0525
0.0531
0.0525
0.0521
0.0523
0.0518
0.0524
0.0527
0.0523
0.0521
0.0519
0.0518
0.0522
0.0529
0.0522
0.0522
0.0519
0.0519
0.0519
0.0519
0.0523
0.0523
0.0519
0.0518
0.0521
0.0521
0.0517
0.0514
0.0514
0.0516
0.0514
0.0511
0.0517
0.0508
0.0508
0.0508
0.0505
0.0509
0.0509
0.051
0.0511
0.0514
0.0514
0.0509
0.0513
0.0515
0.0518
0.052
0.0522
0.052
0.0519
0.0518
0.0517
0.0517
0.0515
0.0515
0.0515
0.0515
0.0514
0.0519
0.0519
0.0519
0.0515
0.0515
0.0514
0.0517
0.052
0.0519
0.0519
0.0521
0.0515
0.0518
0.0525
0.0527
0.0535
0.0531
0.0531
0.0533
0.0531
0.0531
0.0532
0.0532
0.052
0.052
0.0513
0.0511
0.0511
0.051
0.0507
0.0507
0.0502
0.0499
0.05
0.0508
0.0508
0.0511
0.0511
0.0514
0.0512
0.0513
0.0513
0.0514
0.0514
0.0513
0.0512
0.0512
0.0516
0.0518
0.0517
0.0517
0.052
0.0514
0.0516
0.0516
0.0514
0.0511
0.0511
0.0515
0.0506
0.0503
0.0507
0.0507
0.0512
0.0512
0.0513
0.051
0.0507
0.0512
0.0512
0.0511
0.0503
0.0503
0.0504
0.0504
0.0507
0.0511
0.0505
0.0509
0.0504
0.0507
0.0507
0.0515
0.0513
0.0514
0.0515
0.0515
0.052
0.052
0.0517
0.0517
0.0519
0.0521
0.0524
0.0524
0.0524
0.0522
0.0523
0.0523
0.0525
0.0524
0.0524
0.0523
0.0522
0.0527
0.0527
0.0521
0.052
0.052
0.0526
0.0527
0.0522
0.0519
0.052
0.0519
0.0521
0.0524
0.0524
0.0516
0.0516
0.0518
0.052
0.0523
0.0525
0.0518
0.0518
0.0518
0.0518
0.0517
0.0517
0.0516
0.051
0.0512
0.0503
0.0509
0.0508
0.0508
0.0509
0.0514
0.0512
0.0512
0.0523
0.052
0.0527
0.0526
0.0528
0.0521
0.0528
0.053
0.053
0.053
0.0533
0.0526
0.0519
0.0521
0.0517
0.0517
0.0515
0.0509
0.0512
0.0513
0.0515
0.0515
0.0515
0.0518
0.052
0.0522
0.0524
0.0523
0.0523
0.0523
0.0522
0.053
0.053
0.0528
0.0528
0.0529
0.0529
0.0532
0.0537
0.0533
0.0535
0.0535
0.0531
0.0526
0.0526
0.0525
0.0525
0.0527
0.0525
0.0529
0.053
0.0525
0.0524
0.0524
0.0529
0.0527
0.053
0.0528
0.0528
0.0529
0.0529
0.053
0.053
0.0533
0.0533
0.0528
0.0528
0.0529
0.0529
0.0524
0.0519
0.052
0.052
0.0519
0.0519
0.0522
0.0514
0.0509
0.0509
0.0514
0.0511
0.051
0.0508
0.0508
0.0504
0.0507
0.0501
0.0506
0.0505
0.0506
0.0506
0.0507
0.0508
0.0509
0.0506
0.0506
0.0506
0.0506
0.0506
0.051
0.0512
0.0512
0.0506
0.0506
0.0506
0.0512
0.0512
0.0513
0.0513
0.0507
0.0502
0.0502
0.0506
0.0509
0.0509
0.0512
0.0508
0.0507
0.0512
0.0512
0.0513
0.0512
0.0512
0.0505
0.0502
0.0503
0.0501
0.0504
0.05
0.0502
0.0509
0.0511
0.0515
0.0515
0.0515
0.0511
0.0513
0.0509
0.0511
0.0511
0.0513
0.0513
0.0513
0.0516
0.0507
0.0507
0.0512
0.0519
0.0518
0.0516
0.0515
0.0514
0.0517
0.0517
0.0519
0.052
0.0513
0.0513
0.0512
0.0513
0.0508
0.051
0.051
0.0508
0.051
0.051
0.0505
0.0505
0.0507
0.0506
0.0506
0.0508
0.0505
0.0507
0.0505
0.0502
0.0502
0.0505
0.0505
0.0505
0.0503
0.0503
0.0503
0.0499
0.0499
0.0496
0.0503
0.0503
0.0504
0.0503
0.0504
0.0502
0.0503
0.0503
0.0508
0.0513
0.051
0.051
0.0505
0.0511
0.0515
0.0515
0.0515
0.0518
0.0518
0.0518
0.0518
0.0519
0.0522
0.0522
0.0518
0.0519
0.0511
0.0509
0.0504
0.0513
0.0504
0.051
0.0507
0.0506
0.0508
0.0508
0.0503
0.0505
0.0507
0.0497
0.0497
0.0501
0.0503
0.0506
0.0506
0.0501
0.0504
0.05
0.0508
0.0513
0.0513
0.051
0.051
0.0505
0.0505
0.0503
0.0508
0.0508
0.0506
0.0508
0.0508
0.0507
0.0507
0.0515
0.0513
0.0511
0.0511
0.0514
0.0512
0.0517
0.0518
0.0522
0.0522
0.052
0.0523
0.0528
0.0527
0.0522
0.0521
0.0519
0.0519
0.0522
0.0522
0.052
0.0523
0.0524
0.0531
0.0529
0.0526
0.0527
0.0522
0.0524
0.0524
0.0522
0.0524
0.0528
0.0528
0.0525
0.0532
0.0532
0.0532
0.0534
0.0535
0.0532
0.0537
0.0535
0.0526
0.0526
0.0529
0.0529
0.0533
0.0533
0.0533
0.0528
0.0526
0.0526
0.0535
0.0538
0.0537
0.0537
0.0533
0.0537
0.0535
0.0533
0.054
0.054
0.0535
0.0537
0.0543
0.0543
0.0543
0.0546
0.0546
0.0547
0.0549
0.0549
0.0549
0.0543
0.0544
0.0542
0.0536
0.0539
0.0542
0.0546
0.0546
0.0546
0.0548
0.0548
0.0548
0.0545
0.0545
0.0549
0.0549
0.0542
0.054
0.0536
0.0536
0.0539
0.0546
0.0546
0.0549
0.0546
0.0548
0.0548
0.0552
0.0552
0.0558
0.0556
0.0557
0.0554
0.0554
0.055
0.0552
0.0551
0.0552
0.0554
0.0548
0.0542
0.0544
0.0542
0.0542
0.0536
0.0538
0.0536
0.0541
0.0541
0.0537
0.0538
0.0538
0.0539
0.0544
0.0549
0.0549
0.0545
0.0542
0.054
0.0538
0.0545
0.0545
0.0539
0.0536
0.0536
0.0526
0.0525
0.0528
0.0529
0.0529
0.0534
0.0527
0.0523
0.0525
0.0525
0.0525
0.0534
0.0531
0.0529
0.0529
0.0531
0.053
0.0535
0.054
0.054
0.0534
0.0534
0.0535
0.0538
0.0532
0.0533
0.0533
0.053
0.0538
0.054
0.0538
0.0538
0.0538
0.0541
0.0529
0.0536
0.0536
0.0528
0.0527
0.0525
0.0525
0.0527
0.0527
0.0527
0.0531
0.0531
0.0531
0.0535
0.0533
0.0533
0.0525
0.0525
0.0521
0.0519
0.0521
0.0521
0.052
0.0519
0.0522
0.0519
0.0519
0.0527
0.0527
0.053
0.0529
0.053
0.0526
0.0533
0.0527
0.0531
0.0531
0.0532
0.0529
0.0529
0.053
0.0532
0.0532
0.0541
0.0538
0.0537
0.0537
0.0534
0.0542
0.0542
0.0542
0.0541
0.054
0.0543
0.0546
0.0554
0.0554
0.0554
0.0554
0.0551
0.0559
0.0558
0.0558
0.0561
0.0559
0.0553
0.056
0.0557
0.0558
0.0554
0.0552
0.0553
0.0553
0.0553
0.0547
0.0547
0.0548
0.0547
0.0543
0.0545
0.0546
0.0546
0.0547
0.0548
0.0548
0.055
0.055
0.0554
0.0554
0.0554
0.0555
0.0551
0.0554
0.0558
0.0558
0.0556
0.056
0.0561
0.0558
0.0567
0.0568
0.0568
0.057
0.0566
0.057
0.0564
0.0562
0.0562
0.0564
0.0561
0.0561
0.0561
0.0558
0.0554
0.0553
0.0552
0.0556
0.0554
0.0555
0.0551
0.0551
0.0548
0.0546
0.0548
0.0552
0.0548
0.055
0.055
0.0547
0.0553
0.0548
0.0547
0.0547
0.0545
0.0543
0.0543
0.0546
0.0539
0.0539
0.0535
0.0535
0.054
0.054
0.0541
0.0535
0.0536
0.0536
0.0532
0.0534
0.0535
0.0528
0.0528
0.0522
0.0521
0.0522
0.0521
0.0522
0.0522
0.0518
0.0517
0.0516
0.0517
0.0521
0.0522
0.0527
0.0528
0.0531
0.0533
0.0533
0.0535
0.0533
0.0535
0.0534
0.0533
0.0532
0.0534
0.0539
0.0539
0.0543
0.0543
0.0543
0.0542
0.0543
0.0543
0.0541
0.0545
0.054
0.054
0.0538
0.0537
0.0546
0.0542
0.0542
0.0548
0.0547
0.0543
0.0541
0.0545
0.0544
0.0544
0.0545
0.0549
0.0548
0.0549
0.0551
0.0553
0.0555
0.0546
0.0547
0.0541
0.0544
0.054
0.0544
0.0544
0.0543
0.054
0.054
0.054
0.0544
0.055
0.0553
0.0553
0.0559
0.0559
0.0554
0.0558
0.0557
0.056
0.0561
0.0557
0.0557
0.0554
0.0554
0.0551
0.0552
0.0552
0.0551
0.0551
0.0549
0.0549
0.0549
0.0549
0.0549
0.055
0.055
0.0554
0.0558
0.0558
0.0561
0.0558
0.0559
0.0555
0.056
0.056
0.056
0.0558
0.0559
0.0559
0.056
0.056
0.056
0.0565
0.0562
0.0564
0.0561
0.0562
0.056
0.056
0.0563
0.0563
0.0565
0.0563
0.0564
0.0561
0.057
0.057
0.0563
0.0563
0.0564
0.0559
0.0559
0.0559
0.0566
0.0564
0.0558
0.0561
0.0564
0.0565
0.0567
0.0567
0.0567
0.0569
0.0565
0.0565
0.0567
0.0566
0.0566
0.0566
0.0566
0.0571
0.0571
0.0568
0.0564
0.0564
0.0569
0.0566
0.0568
0.0566
0.0564
0.0566
0.057
0.057
0.0571
0.0571
0.0563
0.0566
0.0559
0.0554
0.0556
0.0553
0.0553
0.0555
0.0555
0.0552
0.0552
0.0557
0.0564
0.0568
0.0563
0.0562
0.0563
0.0563
0.0566
0.057
0.0568
0.057
0.057
0.0564
0.0562
0.0565
0.0568
0.0568
0.0566
0.0564
0.0564
0.0565
0.0569
0.0567
0.057
0.057
0.0569
0.0572
0.0572
0.057
0.057
0.0568
0.0568
0.0568
0.0566
0.0562
0.0565
0.0565
0.0566
0.0564
0.0563
0.0567
0.0564
0.0567
0.0561
0.0561
0.0559
0.0556
0.0562
0.0562
0.0557
0.056
0.0558
0.0551
0.0556
0.0556
0.056
0.056
0.056
0.0561
0.0563
0.0571
0.0571
0.0568
0.057
0.0566
0.0563
0.0559
0.0565
0.0561
0.0559
0.0559
0.0556
0.0555
0.055
0.0555
0.0554
0.0553
0.0555
0.0555
0.0554
0.0556
0.0547
0.0547
0.0555
0.0548
0.0556
0.0552
0.0552
0.055
0.0552
0.0552
0.0552
0.0546
0.0549
0.0546
0.0549
0.0549
0.0547
0.055
0.055
0.0553
0.0553
0.0548
0.0552
0.0547
0.0547
0.0545
0.0551
0.0551
0.054
0.054
0.0537
0.0531
0.054
0.054
0.0534
0.0534
0.0528
0.0528
0.0529
0.0529
0.0532
0.0533
0.0533
0.0529
0.0536
0.053
0.0533
0.0531
0.0531
0.0529
0.0529
0.0527
0.0517
0.0517
0.0519
0.0519
0.0522
0.0515
0.0511
0.0511
0.0506
0.0511
0.0517
0.0517
0.0509
0.0504
0.0514
0.0515
0.0515
0.0516
